## Sch ##
## mass OS+SS SS ##
15	87.24	43.62
20	83.45	41.725
30	73.03	36.515
40	58.53	29.265
50	41.34	20.67
60	23.27	11.635
65	14.95	7.475
70	7.834	3.917
75	2.863	1.4315
80	1.66E+00	8.29E-01
85	4.53E-01	2.26E-01
90	3.08E-01	1.54E-01
95	2.18E-01	1.09E-01
100	1.55E-01	7.77E-02
125	4.89E-02	2.45E-02
150	2.20E-02	1.10E-02
200	6.80E-03	3.40E-03
250	2.86E-03	1.43E-03
300	1.43E-03	7.13E-04
400	4.73E-04	2.37E-04
500	1.97E-04	9.86E-05
600	9.44E-05	4.72E-05
700	4.94E-05	2.47E-05
800	2.77E-05	1.38E-05
900	1.62E-05	8.11E-06
1000	9.92E-06	4.96E-06
1100	6.24E-06	3.12E-06
1200	4.03E-06	2.02E-06
1300	2.66E-06	1.33E-06
1400	1.78E-06	8.91E-07
1500	1.21E-06	6.05E-07
1700	5.80E-07	2.90E-07
2000	2.05E-07	1.02E-07
## Tch ##
## mass OS+SS SS ##
100	9.65E-04
150	4.91E-04
200	3.28E-04
300	1.83E-04
400	1.16E-04
500	7.81E-05
600	5.50E-05
700	3.98E-05
800	2.94E-05
900	2.22E-05
1000	1.69E-05
1100	1.30E-05
1200	1.02E-05
1300	7.94E-06
1400	6.27E-06
1500	5.00E-06
1700	3.21E-06
2000	1.69E-06
